0, 26
1, 27
2, 23
3, 27
4, 22
5, 27
6, 15
7, 30
8, 20
9, 25
10, 23
11, 22
12, 19
13, 25
14, 19
15, 37
16, 24
17, 22
18, 21
19, 31
20, 30
21, 16
22, 23
23, 42
24, 26
25, 19
26, 24
27, 22
28, 29
29, 16
30, 32
31, 18
32, 29
33, 30
34, 21
35, 31
36, 16
37, 27
38, 27
39, 25
40, 23
41, 29
42, 24
43, 30
44, 16
45, 19
46, 19
47, 32
48, 27
49, 28
50, 19
51, 34
52, 26
53, 33
54, 24
55, 30
56, 28
57, 20
58, 28
59, 24
60, 31
61, 28
62, 33
63, 24
64, 25
65, 31
66, 32
67, 16
68, 26
69, 35
70, 25
71, 19
72, 24
73, 27
74, 17
75, 24
76, 25
77, 22
78, 26
79, 19
80, 18
81, 36
82, 19
83, 26
84, 25
85, 31
86, 21
87, 21
88, 32
89, 19
90, 19
91, 27
92, 16
93, 25
94, 30
95, 19
96, 25
97, 25
98, 20
99, 21
100, 18
101, 29
102, 21
103, 23
104, 23
105, 27
106, 24
107, 30
108, 31
109, 20
110, 18
111, 21
112, 25
113, 28
114, 26
115, 21
116, 25
117, 26
118, 30
119, 20
120, 22
121, 30
122, 26
123, 24
124, 25
125, 23
126, 23
127, 31
128, 19
129, 21
130, 29
131, 19
132, 31
133, 25
134, 16
135, 18
136, 27
137, 25
138, 23
139, 21
140, 24
141, 28
142, 29
143, 30
144, 23
145, 33
146, 23
147, 24
148, 20
149, 25
150, 21
151, 30
152, 28
153, 20
154, 19
155, 25
156, 23
157, 18
158, 36
159, 25
160, 26
161, 24
162, 25
163, 23
164, 35
165, 26
166, 27
167, 23
168, 27
169, 12
170, 30
171, 27
172, 24
173, 20
174, 30
175, 19
176, 18
177, 23
178, 24
179, 24
180, 18
181, 24
182, 19
183, 26
184, 25
185, 27
186, 20
187, 20
188, 24
189, 17
190, 29
191, 22
192, 28
193, 25
194, 31
195, 21
196, 24
197, 32
198, 32
199, 25
200, 20
201, 26
202, 19
203, 19
204, 23
205, 22
206, 18
207, 23
208, 22
209, 25
210, 29
211, 26
212, 23
213, 24
214, 30
215, 23
216, 31
217, 25
218, 25
219, 31
220, 21
221, 24
222, 15
223, 18
224, 27
225, 25
226, 30
227, 29
228, 24
229, 17
230, 28
231, 29
232, 13
233, 22
234, 24
235, 24
236, 27
237, 20
238, 30
239, 24
240, 17
241, 16
242, 23
243, 20
244, 27
245, 27
246, 14
247, 28
248, 33
249, 30
250, 20
251, 31
252, 27
253, 34
254, 16
255, 30
256, 22
257, 24
258, 25
259, 24
260, 24
261, 30
262, 24
263, 23
264, 25
265, 29
266, 25
267, 32
268, 24
269, 28
270, 15
271, 34
272, 28
273, 26
274, 24
275, 22
276, 34
277, 32
278, 19
279, 22
280, 17
281, 23
282, 29
283, 27
284, 25
285, 18
286, 30
287, 26
288, 20
289, 21
290, 23
291, 35
292, 20
293, 27
294, 33
295, 22
296, 27
297, 29
298, 19
299, 21
300, 30
301, 26
302, 27
303, 22
304, 19
305, 23
306, 21
307, 24
308, 19
309, 26
310, 22
311, 17
312, 20
313, 19
314, 26
315, 25
316, 27
317, 20
318, 25
319, 25
320, 30
321, 21
322, 24
323, 23
324, 23
325, 27
326, 26
327, 18
328, 25
329, 23
330, 23
331, 26
332, 23
333, 15
334, 26
335, 27
336, 26
337, 18
338, 28
339, 26
340, 24
341, 26
342, 21
343, 27
344, 18
345, 26
346, 25
347, 22
348, 26
349, 23
350, 23
351, 21
352, 21
353, 15
354, 23
355, 28
356, 23
357, 40
358, 17
359, 26
360, 33
361, 24
362, 23
363, 28
364, 19
365, 25
366, 17
367, 27
368, 34
369, 33
370, 25
371, 30
372, 31
373, 30
374, 25
375, 21
376, 24
377, 20
378, 28
379, 22
380, 19
381, 27
382, 23
383, 23
384, 27
385, 23
386, 20
387, 20
388, 22
389, 25
390, 27
391, 19
392, 18
393, 21
394, 22
395, 23
396, 29
397, 30
398, 22
399, 27
400, 24
401, 27
402, 26
403, 28
404, 28
405, 14
406, 32
407, 21
408, 21
409, 18
410, 28
411, 22
412, 25
413, 29
414, 27
415, 27
416, 27
417, 23
418, 20
419, 25
420, 22
421, 26
422, 27
423, 23
424, 21
425, 21
426, 21
427, 22
428, 28
429, 32
430, 28
431, 24
432, 32
433, 19
434, 27
435, 26
436, 29
437, 28
438, 23
439, 25
440, 23
441, 24
442, 25
443, 23
444, 22
445, 20
446, 28
447, 25
448, 30
449, 25
450, 8
451, 26
452, 26
453, 19
454, 28
455, 20
456, 24
457, 30
458, 35
459, 25
460, 23
461, 22
462, 27
463, 21
464, 21
465, 11
466, 16
467, 23
468, 25
469, 27
470, 29
471, 28
472, 24
473, 18
474, 24
475, 26
476, 26
477, 20
478, 33
479, 30
480, 23
481, 29
482, 19
483, 19
484, 28
485, 17
486, 21
487, 25
488, 37
489, 24
490, 24
491, 24
492, 25
493, 24
494, 18
495, 27
496, 32
497, 23
498, 26
499, 21
500, 29
501, 35
502, 17
503, 22
504, 26
505, 34
506, 24
507, 20
508, 22
509, 20
510, 34
511, 27
512, 28
513, 30
514, 27
515, 19
516, 31
517, 22
518, 28
519, 16
520, 26
521, 20
522, 28
523, 12
524, 23
525, 26
526, 24
527, 24
528, 32
529, 24
530, 20
531, 23
532, 28
533, 22
534, 23
535, 28
536, 26
537, 29
538, 21
539, 25
540, 19
541, 24
542, 36
543, 18
544, 23
545, 29
546, 23
547, 28
548, 17
549, 27
550, 20
551, 25
552, 31
553, 38
554, 28
555, 21
556, 28
557, 21
558, 26
559, 31
560, 24
561, 27
562, 20
563, 18
564, 23
565, 23
566, 24
567, 25
568, 35
569, 28
570, 28
571, 32
572, 28
573, 22
574, 29
575, 19
576, 21
577, 22
578, 30
579, 15
580, 21
581, 25
582, 26
583, 17
584, 21
585, 19
586, 25
587, 22
588, 22
589, 20
590, 20
591, 23
592, 33
593, 17
594, 23
595, 26
596, 30
597, 23
598, 26
599, 27
600, 22
601, 18
602, 23
603, 30
604, 23
605, 26
606, 28
607, 12
608, 21
609, 25
610, 19
611, 20
612, 23
613, 26
614, 31
615, 19
616, 17
617, 23
618, 28
619, 29
620, 29
621, 30
622, 30
623, 14
624, 23
625, 28
626, 18
627, 29
628, 27
629, 24
630, 32
631, 27
632, 20
633, 23
634, 19
635, 34
636, 22
637, 24
638, 24
639, 27
640, 18
641, 27
642, 15
643, 18
644, 28
645, 21
646, 21
647, 20
648, 31
649, 17
650, 24
651, 31
652, 22
653, 24
654, 28
655, 27
656, 22
657, 20
658, 28
659, 23
660, 32
661, 20
662, 28
663, 20
664, 24
665, 23
666, 30
667, 33
668, 24
669, 23
670, 31
671, 25
672, 20
673, 24
674, 28
675, 24
676, 26
677, 18
678, 24
679, 27
680, 25
681, 16
682, 31
683, 28
684, 29
685, 26
686, 23
687, 22
688, 21
689, 24
690, 19
691, 17
692, 31
693, 22
694, 24
695, 16
696, 19
697, 19
698, 16
699, 30
700, 23
701, 20
702, 23
703, 24
704, 24
705, 30
706, 18
707, 25
708, 27
709, 20
710, 24
711, 20
712, 30
713, 29
714, 20
715, 24
716, 26
717, 23
718, 33
719, 29
720, 26
721, 15
722, 21
723, 29
724, 28
725, 20
726, 27
727, 27
728, 21
729, 26
730, 20
731, 21
732, 31
733, 29
734, 25
735, 26
736, 17
737, 22
738, 20
739, 27
740, 22
741, 36
742, 27
743, 26
744, 27
745, 19
746, 22
747, 31
748, 26
749, 19
750, 18
751, 21
752, 18
753, 22
754, 25
755, 18
756, 31
757, 15
758, 25
759, 19
760, 33
761, 25
762, 21
763, 36
764, 20
765, 28
766, 19
767, 27
768, 25
769, 29
770, 21
771, 21
772, 32
773, 24
774, 23
775, 24
776, 16
777, 17
778, 21
779, 21
780, 24
781, 14
782, 29
783, 24
784, 22
785, 14
786, 29
787, 17
788, 34
789, 27
790, 30
791, 23
792, 34
793, 14
794, 19
795, 20
796, 27
797, 28
798, 26
799, 25
800, 26
801, 31
802, 28
803, 27
804, 21
805, 19
806, 18
807, 23
808, 21
809, 21
810, 24
811, 20
812, 23
813, 26
814, 25
815, 32
816, 22
817, 23
818, 26
819, 25
820, 26
821, 30
822, 27
823, 20
824, 26
825, 24
826, 23
827, 26
828, 21
829, 24
830, 29
831, 30
832, 33
833, 21
834, 23
835, 28
836, 25
837, 28
838, 24
839, 15
840, 18
841, 17
842, 27
843, 26
844, 21
845, 19
846, 20
847, 28
848, 16
849, 23
850, 31
851, 31
852, 28
853, 20
854, 23
855, 14
856, 23
857, 27
858, 28
859, 27
860, 30
861, 19
862, 26
863, 22
864, 20
865, 25
866, 28
867, 25
868, 27
869, 24
870, 36
871, 22
872, 34
873, 26
874, 26
875, 18
876, 17
877, 15
878, 18
879, 13
880, 27
881, 24
882, 37
883, 27
884, 20
885, 24
886, 29
887, 35
888, 31
889, 21
890, 28
891, 22
892, 24
893, 17
894, 43
895, 30
896, 28
897, 20
898, 23
899, 23
900, 33
901, 20
902, 24
903, 18
904, 17
905, 28
906, 25
907, 21
908, 30
909, 21
910, 25
911, 18
912, 30
913, 31
914, 23
915, 24
916, 27
917, 26
918, 26
919, 21
920, 27
921, 26
922, 31
923, 32
924, 21
925, 23
926, 23
927, 27
928, 14
929, 24
930, 20
931, 28
932, 24
933, 23
934, 21
935, 19
936, 19
937, 21
938, 30
939, 25
940, 27
941, 28
942, 19
943, 28
944, 21
945, 17
946, 26
947, 28
948, 11
949, 32
950, 27
951, 15
952, 30
953, 24
954, 29
955, 21
956, 24
957, 28
958, 20
959, 31
960, 29
961, 25
962, 14
963, 17
964, 20
965, 19
966, 25
967, 33
968, 24
969, 12
970, 23
971, 25
972, 23
973, 29
974, 27
975, 25
976, 19
977, 27
978, 20
979, 21
980, 30
981, 21
982, 30
983, 24
984, 28
985, 21
986, 22
987, 30
988, 25
989, 20
990, 24
991, 19
992, 19
993, 29
994, 19
995, 28
996, 24
997, 31
998, 22
999, 28
1000, 30
1001, 28
1002, 24
1003, 19
1004, 25
1005, 20
1006, 27
1007, 28
1008, 18
1009, 14
1010, 25
1011, 18
1012, 27
1013, 34
1014, 34
1015, 23
1016, 30
1017, 25
1018, 23
1019, 24
1020, 23
1021, 21
1022, 28
1023, 26
1024, 25
1025, 28
1026, 32
1027, 23
1028, 20
1029, 22
1030, 33
1031, 25
1032, 27
1033, 25
1034, 18
1035, 28
1036, 20
1037, 27
1038, 32
1039, 10
1040, 23
1041, 20
1042, 24
1043, 20
1044, 29
1045, 28
1046, 25
1047, 29
1048, 30
1049, 20
1050, 26
1051, 20
1052, 23
1053, 27
1054, 28
1055, 19
1056, 21
1057, 23
1058, 24
1059, 20
1060, 30
1061, 25
1062, 26
1063, 25
1064, 20
1065, 25
1066, 25
1067, 19
1068, 27
1069, 33
1070, 17
1071, 24
1072, 29
1073, 23
1074, 22
1075, 13
1076, 15
1077, 32
1078, 27
1079, 23
1080, 31
1081, 18
1082, 16
1083, 22
1084, 26
1085, 32
1086, 27
1087, 32
1088, 26
1089, 25
1090, 29
1091, 26
1092, 16
1093, 33
1094, 28
1095, 35
1096, 25
1097, 23
1098, 29
1099, 27
1100, 28
1101, 18
1102, 29
1103, 20
1104, 19
1105, 25
1106, 27
1107, 26
1108, 27
1109, 36
1110, 25
1111, 17
1112, 33
1113, 23
1114, 17
1115, 21
1116, 21
1117, 25
1118, 28
1119, 21
1120, 29
1121, 24
1122, 30
1123, 15
1124, 26
1125, 18
1126, 26
1127, 29
1128, 26
1129, 25
1130, 26
1131, 26
1132, 23
1133, 29
1134, 21
1135, 31
1136, 31
1137, 25
1138, 21
1139, 27
1140, 23
1141, 22
1142, 25
1143, 28
1144, 18
1145, 27
1146, 26
1147, 20
1148, 27
1149, 25
1150, 24
1151, 23
1152, 20
1153, 20
1154, 21
1155, 25
1156, 32
1157, 20
1158, 28
1159, 25
1160, 23
1161, 31
1162, 33
1163, 30
1164, 26
1165, 12
1166, 24
1167, 28
1168, 32
1169, 34
1170, 29
1171, 25
1172, 22
1173, 28
1174, 23
1175, 28
1176, 28
1177, 24
1178, 32
1179, 34
1180, 26
1181, 30
1182, 34
1183, 25
1184, 22
1185, 28
1186, 22
1187, 31
1188, 28
1189, 29
1190, 29
1191, 26
1192, 16
1193, 23
1194, 20
1195, 21
1196, 34
1197, 19
1198, 26
1199, 22
1200, 19
1201, 19
1202, 26
1203, 29
1204, 16
1205, 21
1206, 34
1207, 23
1208, 20
1209, 18
1210, 26
1211, 32
1212, 21
1213, 24
1214, 28
1215, 18
1216, 21
1217, 15
1218, 23
1219, 26
1220, 23
1221, 24
1222, 22
1223, 36
1224, 18
1225, 22
1226, 30
1227, 13
1228, 27
1229, 27
1230, 21
1231, 20
1232, 23
1233, 20
1234, 18
1235, 23
1236, 23
1237, 28
1238, 23
1239, 26
1240, 27
1241, 24
1242, 31
1243, 31
1244, 19
1245, 20
1246, 26
1247, 28
1248, 31
1249, 26
1250, 28
1251, 23
1252, 29
1253, 25
1254, 23
1255, 35
1256, 18
1257, 31
1258, 33
1259, 22
1260, 24
1261, 26
1262, 21
1263, 34
1264, 23
1265, 25
1266, 28
1267, 22
1268, 23
1269, 24
1270, 24
1271, 30
1272, 27
1273, 31
1274, 31
1275, 26
1276, 29
1277, 21
1278, 32
1279, 29
1280, 27
1281, 19
1282, 27
1283, 15
1284, 15
1285, 27
1286, 27
1287, 27
1288, 27
1289, 22
1290, 22
1291, 20
1292, 22
1293, 20
1294, 25
1295, 26
1296, 27
1297, 24
1298, 26
1299, 19
1300, 28
1301, 23
1302, 25
1303, 19
1304, 24
1305, 28
1306, 18
1307, 24
1308, 24
1309, 23
1310, 19
1311, 21
1312, 27
1313, 18
1314, 29
1315, 21
1316, 32
1317, 21
1318, 23
1319, 28
1320, 25
1321, 31
1322, 22
1323, 21
1324, 23
1325, 20
1326, 26
1327, 32
1328, 33
1329, 18
1330, 21
1331, 27
1332, 24
1333, 23
1334, 27
1335, 25
1336, 17
1337, 16
1338, 23
1339, 31
1340, 26
1341, 34
1342, 27
1343, 26
1344, 32
1345, 26
1346, 13
1347, 21
1348, 24
1349, 21
1350, 28
1351, 21
1352, 23
1353, 18
1354, 33
1355, 26
1356, 20
1357, 22
1358, 18
1359, 14
1360, 25
1361, 24
1362, 19
1363, 22
1364, 20
1365, 26
1366, 20
1367, 24
1368, 26
1369, 28
1370, 24
1371, 20
1372, 29
1373, 24
1374, 19
1375, 26
1376, 29
1377, 33
1378, 19
1379, 19
1380, 35
1381, 22
1382, 26
1383, 23
1384, 17
1385, 21
1386, 19
1387, 15
1388, 26
1389, 32
1390, 33
1391, 19
1392, 22
1393, 27
1394, 29
1395, 23
1396, 22
1397, 24
1398, 20
1399, 30
1400, 33
1401, 26
1402, 22
1403, 29
1404, 25
1405, 12
1406, 33
1407, 14
1408, 21
1409, 25
1410, 29
1411, 29
1412, 20
1413, 32
1414, 16
1415, 22
1416, 16
1417, 24
1418, 29
1419, 19
1420, 17
1421, 21
1422, 18
1423, 20
1424, 30
1425, 26
1426, 27
1427, 20
1428, 35
1429, 26
1430, 20
1431, 20
1432, 19
1433, 37
1434, 25
1435, 23
1436, 23
1437, 27
1438, 25
1439, 21
1440, 27
1441, 34
1442, 30
1443, 30
1444, 24
1445, 34
1446, 24
1447, 22
1448, 22
1449, 21
1450, 21
1451, 33
1452, 36
1453, 24
1454, 31
1455, 27
1456, 34
1457, 19
1458, 32
1459, 25
1460, 20
1461, 29
1462, 21
1463, 20
1464, 20
1465, 30
1466, 25
1467, 28
1468, 21
1469, 32
1470, 24
1471, 34
1472, 18
1473, 22
1474, 28
1475, 27
1476, 25
1477, 24
1478, 29
1479, 25
1480, 21
1481, 21
1482, 34
1483, 18
1484, 21
1485, 31
1486, 23
1487, 20
1488, 29
1489, 21
1490, 16
1491, 30
1492, 21
1493, 21
1494, 29
1495, 13
1496, 33
1497, 27
1498, 23
1499, 24
1500, 27
1501, 23
1502, 24
1503, 24
1504, 31
1505, 16
1506, 26
1507, 20
1508, 21
1509, 25
1510, 34
1511, 31
1512, 21
1513, 23
1514, 28
1515, 20
1516, 26
1517, 18
1518, 30
1519, 18
1520, 19
1521, 20
1522, 24
1523, 15
1524, 30
1525, 28
1526, 25
1527, 23
1528, 22
1529, 14
1530, 29
1531, 23
1532, 28
1533, 27
1534, 25
1535, 33
1536, 28
1537, 22
1538, 24
1539, 22
1540, 31
1541, 25
1542, 32
1543, 23
1544, 18
1545, 32
1546, 22
1547, 22
1548, 24
1549, 33
1550, 24
1551, 27
1552, 12
1553, 28
1554, 15
1555, 21
1556, 28
1557, 27
1558, 27
1559, 14
1560, 27
1561, 21
1562, 19
1563, 26
1564, 31
1565, 23
1566, 28
1567, 32
1568, 20
1569, 18
1570, 28
1571, 24
1572, 23
1573, 27
1574, 20
1575, 22
1576, 26
1577, 23
1578, 37
1579, 19
1580, 21
1581, 17
1582, 27
1583, 19
1584, 23
1585, 29
1586, 35
1587, 18
1588, 28
1589, 24
1590, 29
1591, 27
1592, 22
1593, 24
1594, 24
1595, 24
1596, 32
1597, 31
1598, 30
1599, 25
1600, 28
1601, 38
1602, 21
1603, 25
1604, 23
1605, 19
1606, 19
1607, 23
1608, 24
1609, 29
1610, 14
1611, 24
1612, 24
1613, 28
1614, 25
1615, 16
1616, 23
1617, 17
1618, 31
1619, 23
1620, 18
1621, 25
1622, 24
1623, 23
1624, 29
1625, 22
1626, 31
1627, 14
1628, 19
1629, 25
1630, 21
1631, 30
1632, 28
1633, 22
1634, 32
1635, 28
1636, 22
1637, 27
1638, 26
1639, 26
1640, 29
1641, 24
1642, 27
1643, 21
1644, 18
1645, 32
1646, 27
1647, 22
1648, 20
1649, 30
1650, 25
1651, 26
1652, 30
1653, 24
1654, 17
1655, 29
1656, 26
1657, 29
1658, 16
1659, 25
1660, 23
1661, 26
1662, 25
1663, 21
1664, 29
1665, 23
1666, 30
1667, 25
1668, 28
1669, 25
1670, 26
1671, 22
1672, 25
1673, 33
1674, 22
1675, 26
1676, 25
1677, 24
1678, 33
1679, 28
1680, 22
1681, 20
1682, 31
1683, 30
1684, 27
1685, 19
1686, 24
1687, 22
1688, 29
1689, 20
1690, 27
1691, 22
1692, 19
1693, 21
1694, 25
1695, 23
1696, 18
1697, 27
1698, 27
1699, 13
1700, 26
1701, 37
1702, 28
1703, 25
1704, 25
1705, 30
1706, 18
1707, 26
1708, 19
1709, 26
1710, 22
1711, 18
1712, 23
1713, 27
1714, 26
1715, 23
1716, 21
1717, 23
1718, 31
1719, 28
1720, 25
1721, 20
1722, 22
1723, 27
1724, 26
1725, 34
1726, 33
1727, 26
1728, 33
1729, 22
1730, 24
1731, 29
1732, 25
1733, 32
1734, 19
1735, 23
1736, 18
1737, 23
1738, 25
1739, 30
1740, 23
1741, 24
1742, 26
1743, 21
1744, 20
1745, 25
1746, 30
1747, 28
1748, 19
1749, 23
1750, 22
1751, 30
1752, 25
1753, 16
1754, 22
1755, 26
1756, 31
1757, 35
1758, 31
1759, 21
1760, 29
1761, 18
1762, 24
1763, 25
1764, 24
1765, 32
1766, 25
1767, 25
1768, 34
1769, 24
1770, 25
1771, 28
1772, 28
1773, 33
1774, 21
1775, 21
1776, 30
1777, 22
1778, 23
1779, 26
1780, 22
1781, 21
1782, 26
1783, 21
1784, 23
1785, 23
1786, 12
1787, 24
1788, 18
1789, 16
1790, 33
1791, 20
1792, 18
1793, 35
1794, 20
1795, 26
1796, 21
1797, 23
1798, 15
1799, 30
1800, 25
1801, 34
1802, 23
1803, 20
1804, 27
1805, 26
1806, 26
1807, 27
1808, 19
1809, 14
1810, 20
1811, 25
1812, 36
1813, 23
1814, 21
1815, 30
1816, 31
1817, 24
1818, 27
1819, 24
1820, 25
1821, 28
1822, 37
1823, 16
1824, 16
1825, 25
1826, 17
1827, 29
1828, 22
1829, 28
1830, 22
1831, 20
1832, 22
1833, 17
1834, 19
1835, 19
1836, 15
1837, 21
1838, 21
1839, 25
1840, 28
1841, 27
1842, 22
1843, 16
1844, 21
1845, 20
1846, 20
1847, 27
1848, 24
1849, 22
1850, 31
1851, 28
1852, 19
1853, 21
1854, 25
1855, 22
1856, 24
1857, 24
1858, 14
1859, 18
1860, 31
1861, 30
1862, 26
1863, 24
1864, 27
1865, 22
1866, 21
1867, 26
1868, 23
1869, 22
1870, 25
1871, 29
1872, 22
1873, 22
1874, 23
1875, 21
1876, 18
1877, 27
1878, 23
1879, 25
1880, 20
1881, 29
1882, 23
1883, 26
1884, 24
1885, 25
1886, 19
1887, 22
1888, 31
1889, 24
1890, 22
1891, 20
1892, 25
1893, 36
1894, 17
1895, 17
1896, 24
1897, 25
1898, 23
1899, 15
1900, 24
1901, 30
1902, 22
1903, 28
1904, 25
1905, 22
1906, 28
1907, 17
1908, 37
1909, 23
1910, 36
1911, 19
1912, 22
1913, 24
1914, 20
1915, 22
1916, 18
1917, 20
1918, 25
1919, 24
1920, 21
1921, 26
1922, 28
1923, 23
1924, 20
1925, 19
1926, 24
1927, 22
1928, 25
1929, 22
1930, 26
1931, 18
1932, 28
1933, 20
1934, 20
1935, 21
1936, 30
1937, 20
1938, 15
1939, 22
1940, 21
1941, 31
1942, 29
1943, 23
1944, 25
1945, 16
1946, 30
1947, 27
1948, 26
1949, 19
1950, 25
1951, 34
1952, 20
1953, 17
1954, 27
1955, 24
1956, 22
1957, 24
1958, 37
1959, 25
1960, 18
1961, 22
1962, 23
1963, 22
1964, 17
1965, 19
1966, 26
1967, 27
1968, 28
1969, 24
1970, 18
1971, 23
1972, 18
1973, 22
1974, 23
1975, 24
1976, 27
1977, 25
1978, 29
1979, 17
1980, 30
1981, 21
1982, 26
1983, 21
1984, 22
1985, 26
1986, 28
1987, 18
1988, 26
1989, 30
1990, 26
1991, 32
1992, 20
1993, 29
1994, 20
1995, 25
1996, 28
1997, 26
1998, 20
1999, 25
2000, 19
2001, 17
2002, 31
2003, 19
2004, 25
2005, 23
2006, 29
2007, 36
2008, 27
2009, 27
2010, 31
2011, 22
2012, 28
2013, 21
2014, 21
2015, 26
2016, 21
2017, 34
2018, 32
2019, 24
2020, 20
2021, 25
2022, 21
2023, 13
2024, 22
2025, 30
2026, 20
2027, 25
2028, 34
2029, 19
2030, 27
2031, 29
2032, 18
2033, 24
2034, 24
2035, 29
2036, 18
2037, 21
2038, 22
2039, 30
2040, 28
2041, 27
2042, 16
2043, 19
2044, 31
2045, 17
2046, 20
2047, 18
2048, 30
2049, 24
2050, 24
2051, 21
2052, 20
2053, 24
2054, 25
2055, 27
2056, 27
2057, 25
2058, 27
2059, 27
2060, 29
2061, 27
2062, 29
2063, 39
2064, 18
2065, 21
2066, 25
2067, 27
2068, 27
2069, 23
2070, 19
2071, 39
2072, 26
2073, 22
2074, 19
2075, 28
2076, 15
2077, 23
2078, 24
2079, 24
2080, 19
2081, 26
2082, 17
2083, 28
2084, 25
2085, 22
2086, 22
2087, 29
2088, 28
2089, 28
2090, 23
2091, 19
2092, 27
2093, 22
2094, 28
2095, 38
2096, 23
2097, 26
2098, 27
2099, 23
2100, 26
2101, 17
2102, 30
2103, 17
2104, 23
2105, 27
2106, 27
2107, 33
2108, 18
2109, 24
2110, 28
2111, 27
2112, 27
2113, 18
2114, 24
2115, 26
2116, 31
2117, 22
2118, 25
2119, 23
2120, 24
2121, 19
2122, 32
2123, 26
2124, 19
2125, 26
2126, 29
2127, 20
2128, 21
2129, 28
2130, 31
2131, 35
2132, 21
2133, 25
2134, 29
2135, 29
2136, 32
2137, 14
2138, 35
2139, 25
2140, 24
2141, 24
2142, 20
2143, 25
2144, 28
2145, 33
2146, 22
2147, 31
2148, 25
2149, 23
2150, 27
2151, 26
2152, 31
2153, 20
2154, 25
2155, 20
2156, 29
2157, 25
2158, 26
2159, 25
2160, 27
2161, 24
2162, 23
2163, 33
2164, 17
2165, 26
2166, 31
2167, 29
2168, 24
2169, 23
2170, 25
2171, 26
2172, 22
2173, 25
2174, 20
2175, 16
2176, 16
2177, 28
2178, 23
2179, 22
2180, 21
2181, 26
2182, 34
2183, 23
2184, 26
2185, 26
2186, 25
2187, 26
2188, 30
2189, 22
2190, 18
2191, 26
2192, 20
2193, 30
2194, 27
2195, 19
2196, 34
2197, 26
2198, 36
2199, 28
2200, 19
2201, 18
2202, 19
2203, 26
2204, 19
2205, 25
2206, 22
2207, 32
2208, 18
2209, 31
2210, 23
2211, 28
2212, 27
2213, 26
2214, 29
2215, 19
2216, 24
2217, 27
2218, 14
2219, 26
2220, 17
2221, 24
2222, 22
2223, 23
2224, 25
2225, 16
2226, 24
2227, 27
2228, 16
2229, 28
2230, 31
2231, 32
2232, 27
2233, 23
2234, 28
2235, 23
2236, 17
2237, 31
2238, 25
2239, 18
2240, 16
2241, 17
2242, 37
2243, 25
2244, 29
2245, 16
2246, 22
2247, 25
2248, 25
2249, 23
2250, 32
2251, 33
2252, 31
2253, 31
2254, 17
2255, 30
2256, 21
2257, 30
2258, 23
2259, 19
2260, 21
2261, 29
2262, 22
2263, 24
2264, 22
2265, 29
2266, 25
2267, 27
2268, 25
2269, 17
2270, 21
2271, 25
2272, 23
2273, 21
2274, 23
2275, 14
2276, 32
2277, 26
2278, 21
2279, 24
2280, 15
2281, 26
2282, 25
2283, 19
2284, 28
2285, 18
2286, 18
2287, 27
2288, 31
2289, 28
2290, 14
2291, 22
2292, 28
2293, 26
2294, 22
2295, 28
2296, 23
2297, 24
2298, 22
2299, 24
2300, 27
2301, 23
2302, 26
2303, 24
2304, 25
2305, 26
2306, 24
2307, 28
2308, 32
2309, 18
2310, 28
2311, 24
2312, 16
2313, 28
2314, 35
2315, 22
2316, 20
2317, 15
2318, 24
2319, 33
2320, 28
2321, 28
2322, 29
2323, 25
2324, 23
2325, 29
2326, 22
2327, 21
2328, 22
2329, 22
2330, 19
2331, 30
2332, 26
2333, 25
2334, 26
2335, 33
2336, 23
2337, 28
2338, 25
2339, 26
2340, 21
2341, 29
2342, 21
2343, 34
2344, 23
2345, 23
2346, 23
2347, 20
2348, 25
2349, 24
2350, 25
2351, 28
2352, 27
2353, 17
2354, 29
2355, 29
2356, 24
2357, 21
2358, 36
2359, 27
2360, 20
2361, 20
2362, 22
2363, 22
2364, 17
2365, 33
2366, 19
2367, 21
2368, 22
2369, 24
2370, 27
2371, 29
2372, 21
2373, 23
2374, 30
2375, 15
2376, 25
2377, 24
2378, 23
2379, 31
2380, 27
2381, 26
2382, 21
2383, 21
2384, 22
2385, 21
2386, 24
2387, 24
2388, 23
2389, 26
2390, 25
2391, 23
2392, 24
2393, 24
2394, 18
2395, 25
2396, 31
2397, 35
2398, 31
2399, 33
2400, 25
2401, 19
2402, 27
2403, 24
2404, 21
2405, 25
2406, 22
2407, 25
2408, 29
2409, 23
2410, 28
2411, 20
2412, 25
2413, 35
2414, 33
2415, 28
2416, 23
2417, 19
2418, 20
2419, 20
2420, 34
2421, 18
2422, 27
2423, 25
2424, 26
2425, 14
2426, 27
2427, 17
2428, 27
2429, 20
2430, 29
2431, 22
2432, 25
2433, 19
2434, 15
2435, 28
2436, 18
2437, 16
2438, 19
2439, 24
2440, 25
2441, 28
2442, 27
2443, 18
2444, 22
2445, 28
2446, 29
2447, 27
2448, 22
2449, 34
2450, 18
2451, 32
2452, 24
2453, 27
2454, 22
2455, 25
2456, 25
2457, 21
2458, 31
2459, 26
2460, 25
2461, 16
2462, 16
2463, 19
2464, 16
2465, 25
2466, 19
2467, 24
2468, 18
2469, 23
2470, 28
2471, 24
2472, 26
2473, 24
2474, 22
2475, 20
2476, 24
2477, 28
2478, 14
2479, 23
2480, 14
2481, 28
2482, 24
2483, 15
2484, 25
2485, 18
2486, 21
2487, 15
2488, 25
2489, 28
2490, 21
2491, 26
2492, 27
2493, 24
2494, 21
2495, 22
2496, 24
2497, 22
2498, 25
2499, 27
2500, 20
2501, 23
2502, 24
2503, 24
2504, 20
2505, 28
2506, 28
2507, 20
2508, 18
2509, 27
2510, 19
2511, 21
2512, 27
2513, 27
2514, 30
2515, 28
2516, 28
2517, 24
2518, 26
2519, 24
2520, 28
2521, 26
2522, 23
2523, 36
2524, 22
2525, 19
2526, 19
2527, 22
2528, 23
2529, 25
2530, 19
2531, 26
2532, 24
2533, 24
2534, 27
2535, 31
2536, 16
2537, 31
2538, 12
2539, 20
2540, 34
2541, 33
2542, 24
2543, 30
2544, 16
2545, 32
2546, 22
2547, 28
2548, 17
2549, 28
2550, 23
2551, 28
2552, 25
2553, 21
2554, 30
2555, 32
2556, 32
2557, 31
2558, 13
2559, 17
2560, 27
2561, 27
2562, 24
2563, 25
2564, 17
2565, 18
2566, 18
2567, 25
2568, 16
2569, 27
2570, 24
2571, 23
2572, 18
2573, 26
2574, 27
2575, 24
2576, 25
2577, 18
2578, 34
2579, 25
2580, 30
2581, 18
2582, 19
2583, 27
2584, 19
2585, 24
2586, 26
2587, 19
2588, 22
2589, 24
2590, 29
2591, 27
2592, 30
2593, 18
2594, 24
2595, 29
2596, 19
2597, 24
2598, 20
2599, 28
2600, 26
2601, 31
2602, 23
2603, 21
2604, 28
2605, 20
2606, 27
2607, 16
2608, 17
2609, 24
2610, 26
2611, 28
2612, 41
2613, 25
2614, 24
2615, 32
2616, 18
2617, 30
2618, 22
2619, 28
2620, 22
2621, 20
2622, 29
2623, 21
2624, 23
2625, 21
2626, 31
2627, 22
2628, 26
2629, 20
2630, 19
2631, 28
2632, 19
2633, 20
2634, 33
2635, 35
2636, 14
2637, 20
2638, 23
2639, 37
2640, 24
2641, 30
2642, 13
2643, 26
2644, 23
2645, 23
2646, 20
2647, 26
2648, 24
2649, 19
2650, 30
2651, 23
2652, 23
2653, 19
2654, 23
2655, 19
2656, 22
2657, 29
2658, 29
2659, 25
2660, 24
2661, 25
2662, 28
2663, 23
2664, 17
2665, 29
2666, 30
2667, 16
2668, 19
2669, 32
2670, 15
2671, 22
2672, 25
2673, 15
2674, 21
2675, 34
2676, 21
2677, 28
2678, 24
2679, 27
2680, 24
2681, 28
2682, 21
2683, 34
2684, 34
2685, 21
2686, 19
2687, 19
2688, 26
2689, 19
2690, 27
2691, 27
2692, 16
2693, 33
2694, 24
2695, 20
2696, 22
2697, 16
2698, 14
2699, 18
2700, 24
2701, 29
2702, 25
2703, 28
2704, 26
2705, 25
2706, 30
2707, 27
2708, 25
2709, 23
2710, 26
2711, 25
2712, 12
2713, 20
2714, 20
2715, 25
2716, 27
2717, 18
2718, 33
2719, 30
2720, 26
2721, 24
2722, 22
2723, 26
2724, 21
2725, 20
2726, 33
2727, 21
2728, 25
2729, 30
2730, 23
2731, 26
2732, 31
2733, 31
2734, 17
2735, 18
2736, 27
2737, 27
2738, 21
2739, 27
2740, 27
2741, 19
2742, 33
2743, 25
2744, 24
2745, 23
2746, 22
2747, 26
2748, 36
2749, 17
2750, 24
2751, 26
2752, 22
2753, 26
2754, 26
2755, 22
2756, 23
2757, 25
2758, 22
2759, 19
2760, 18
2761, 30
2762, 18
2763, 23
2764, 20
2765, 32
2766, 19
2767, 21
2768, 22
2769, 28
2770, 18
2771, 38
2772, 22
2773, 21
2774, 22
2775, 23
2776, 29
2777, 20
2778, 23
2779, 25
2780, 28
2781, 21
2782, 24
2783, 24
2784, 29
2785, 15
2786, 26
2787, 34
2788, 24
2789, 21
2790, 33
2791, 26
2792, 26
2793, 28
2794, 17
2795, 35
2796, 33
2797, 32
2798, 19
2799, 22
2800, 22
2801, 21
2802, 26
2803, 22
2804, 20
2805, 30
2806, 30
2807, 23
2808, 23
2809, 24
2810, 23
2811, 12
2812, 31
2813, 26
2814, 31
2815, 31
2816, 20
2817, 26
2818, 25
2819, 24
2820, 32
2821, 21
2822, 18
2823, 21
2824, 22
2825, 21
2826, 27
2827, 22
2828, 29
2829, 21
2830, 25
2831, 22
2832, 21
2833, 28
2834, 23
2835, 19
2836, 31
2837, 17
2838, 19
2839, 31
2840, 24
2841, 33
2842, 20
2843, 37
2844, 23
2845, 19
2846, 19
2847, 27
2848, 23
2849, 15
2850, 21
2851, 22
2852, 27
2853, 20
2854, 18
2855, 25
2856, 22
2857, 28
2858, 28
2859, 31
2860, 24
2861, 15
2862, 20
2863, 19
2864, 24
2865, 24
2866, 25
2867, 22
2868, 32
2869, 26
2870, 24
2871, 31
2872, 14
2873, 23
2874, 26
2875, 24
2876, 33
2877, 20
2878, 39
2879, 28
2880, 28
2881, 17
2882, 26
2883, 35
2884, 26
2885, 26
2886, 27
2887, 25
2888, 20
2889, 19
2890, 21
2891, 34
2892, 16
2893, 11
2894, 24
2895, 24
2896, 28
2897, 23
2898, 23
2899, 18
2900, 24
2901, 21
2902, 27
2903, 30
2904, 21
2905, 28
2906, 17
2907, 23
2908, 24
2909, 21
2910, 30
2911, 27
2912, 27
2913, 21
2914, 25
2915, 19
2916, 24
2917, 26
2918, 28
2919, 18
2920, 16
2921, 26
2922, 23
2923, 21
2924, 26
2925, 20
2926, 23
2927, 27
2928, 22
2929, 22
2930, 20
2931, 23
2932, 21
2933, 25
2934, 36
2935, 25
2936, 14
2937, 22
2938, 21
2939, 19
2940, 24
2941, 24
2942, 23
2943, 26
2944, 29
2945, 22
2946, 15
2947, 22
2948, 25
2949, 23
2950, 27
2951, 24
2952, 30
2953, 22
2954, 23
2955, 26
2956, 28
2957, 30
2958, 29
2959, 24
2960, 31
2961, 28
2962, 29
2963, 31
2964, 26
2965, 20
2966, 27
2967, 24
2968, 20
2969, 26
2970, 24
2971, 18
2972, 19
2973, 29
2974, 29
2975, 24
2976, 27
2977, 22
2978, 27
2979, 28
2980, 25
2981, 19
2982, 24
2983, 27
2984, 36
2985, 23
2986, 27
2987, 19
2988, 24
2989, 27
2990, 34
2991, 28
2992, 23
2993, 33
2994, 30
2995, 29
2996, 27
2997, 26
2998, 31
2999, 20
3000, 34
3001, 25
3002, 18
3003, 28
3004, 17
3005, 19
3006, 38
3007, 18
3008, 24
3009, 27
3010, 30
3011, 34
3012, 28
3013, 28
3014, 28
3015, 20
3016, 22
3017, 23
3018, 23
3019, 17
3020, 22
3021, 23
3022, 27
3023, 22
3024, 25
3025, 19
3026, 23
3027, 20
3028, 28
3029, 26
3030, 18
3031, 18
3032, 32
3033, 16
3034, 22
3035, 22
3036, 28
3037, 27
3038, 31
3039, 25
3040, 29
3041, 22
3042, 36
3043, 32
3044, 17
3045, 18
3046, 28
3047, 27
3048, 17
3049, 33
3050, 24
3051, 27
3052, 24
3053, 29
3054, 18
3055, 30
3056, 21
3057, 27
3058, 37
3059, 30
3060, 17
3061, 24
3062, 23
3063, 30
3064, 23
3065, 19
3066, 28
3067, 16
3068, 21
3069, 22
3070, 20
3071, 25
3072, 23
3073, 25
3074, 25
3075, 38
3076, 15
3077, 19
3078, 21
3079, 20
3080, 27
3081, 26
3082, 20
3083, 29
3084, 29
3085, 20
3086, 30
3087, 26
3088, 23
3089, 23
3090, 23
3091, 28
3092, 16
3093, 17
3094, 22
3095, 20
3096, 28
3097, 20
3098, 39
3099, 18
3100, 33
3101, 18
3102, 23
3103, 24
3104, 16
3105, 31
3106, 20
3107, 26
3108, 16
3109, 26
3110, 18
3111, 30
3112, 23
3113, 16
3114, 22
3115, 24
3116, 17
3117, 23
3118, 35
3119, 24
3120, 23
3121, 19
3122, 22
3123, 27
3124, 27
3125, 32
3126, 27
3127, 25
3128, 33
3129, 28
3130, 24
3131, 27
3132, 24
3133, 19
3134, 27
3135, 24
3136, 29
3137, 26
3138, 20
3139, 32
3140, 27
3141, 26
3142, 30
3143, 28
3144, 13
3145, 36
3146, 18
3147, 23
3148, 16
3149, 33
3150, 26
3151, 24
3152, 19
3153, 27
3154, 27
3155, 26
3156, 27
3157, 21
3158, 30
3159, 23
3160, 25
3161, 24
3162, 21
3163, 22
3164, 14
3165, 23
3166, 23
3167, 27
3168, 32
3169, 41
3170, 20
3171, 27
3172, 30
3173, 19
3174, 27
3175, 22
3176, 19
3177, 26
3178, 18
3179, 33
3180, 26
3181, 37
3182, 34
3183, 30
3184, 29
3185, 21
3186, 25
3187, 14
3188, 23
3189, 18
3190, 19
3191, 24
3192, 25
3193, 32
3194, 24
3195, 21
3196, 15
3197, 16
3198, 37
3199, 26
3200, 34
3201, 23
3202, 27
3203, 27
3204, 29
3205, 35
3206, 24
3207, 28
3208, 31
3209, 26
3210, 25
3211, 26
3212, 23
3213, 23
3214, 33
3215, 21
3216, 20
3217, 24
3218, 27
3219, 17
3220, 24
3221, 26
3222, 25
3223, 20
3224, 32
3225, 24
3226, 23
3227, 24
3228, 30
3229, 21
3230, 25
3231, 28
3232, 23
3233, 13
3234, 23
3235, 34
3236, 18
3237, 25
3238, 20
3239, 26
3240, 26
3241, 23
3242, 25
3243, 25
3244, 23
3245, 35
3246, 26
3247, 25
3248, 30
3249, 23
3250, 27
3251, 24
3252, 26
3253, 20
3254, 34
3255, 18
3256, 18
3257, 27
3258, 24
3259, 29
3260, 28
3261, 28
3262, 25
3263, 24
3264, 27
3265, 21
3266, 21
3267, 31
3268, 17
3269, 31
3270, 26
3271, 20
3272, 30
3273, 31
3274, 23
3275, 18
3276, 28
3277, 28
3278, 20
3279, 17
3280, 23
3281, 25
3282, 23
3283, 26
3284, 17
3285, 18
3286, 29
3287, 34
3288, 28
3289, 27
3290, 21
3291, 16
3292, 24
3293, 24
3294, 33
3295, 26
3296, 25
3297, 18
3298, 21
3299, 19
3300, 18
3301, 23
3302, 29
3303, 19
3304, 22
3305, 28
3306, 25
3307, 29
3308, 34
3309, 25
3310, 29
3311, 24
3312, 24
3313, 22
3314, 23
3315, 18
3316, 24
3317, 22
3318, 23
3319, 23
3320, 24
3321, 22
3322, 21
3323, 20
3324, 27
3325, 31
3326, 25
3327, 22
3328, 29
3329, 24
3330, 25
3331, 12
3332, 18
3333, 25
3334, 23
3335, 14
3336, 32
3337, 18
3338, 30
3339, 31
3340, 22
3341, 28
3342, 24
3343, 19
3344, 21
3345, 18
3346, 18
3347, 30
3348, 21
3349, 34
3350, 12
3351, 21
3352, 31
3353, 22
3354, 29
3355, 27
3356, 32
3357, 25
3358, 30
3359, 19
3360, 29
3361, 25
3362, 21
3363, 36
3364, 33
3365, 23
3366, 25
3367, 32
3368, 21
3369, 20
3370, 16
3371, 21
3372, 29
3373, 22
3374, 19
3375, 25
3376, 26
3377, 36
3378, 24
3379, 30
3380, 22
3381, 21
3382, 23
3383, 33
3384, 23
3385, 14
3386, 22
3387, 30
3388, 24
3389, 24
3390, 24
3391, 34
3392, 23
3393, 25
3394, 26
3395, 31
3396, 25
3397, 18
3398, 21
3399, 23
3400, 17
3401, 23
3402, 24
3403, 26
3404, 19
3405, 22
3406, 28
3407, 30
3408, 25
3409, 20
3410, 26
3411, 23
3412, 30
3413, 26
3414, 23
3415, 22
3416, 21
3417, 29
3418, 21
3419, 19
3420, 22
3421, 22
3422, 15
3423, 25
3424, 17
3425, 21
3426, 28
3427, 28
3428, 28
3429, 22
3430, 12
3431, 25
3432, 24
3433, 24
3434, 29
3435, 17
3436, 24
3437, 23
3438, 30
3439, 35
3440, 27
3441, 21
3442, 22
3443, 18
3444, 28
3445, 20
3446, 20
3447, 32
3448, 23
3449, 24
3450, 28
3451, 26
3452, 27
3453, 22
3454, 32
3455, 23
3456, 22
3457, 24
3458, 31
3459, 28
3460, 27
3461, 30
3462, 16
3463, 27
3464, 27
3465, 24
3466, 25
3467, 25
3468, 21
3469, 25
3470, 19
3471, 23
3472, 22
3473, 25
3474, 18
3475, 27
3476, 29
3477, 25
3478, 19
3479, 17
3480, 28
3481, 25
3482, 18
3483, 22
3484, 24
3485, 26
3486, 25
3487, 17
3488, 27
3489, 30
3490, 23
3491, 21
3492, 25
3493, 23
3494, 24
3495, 28
3496, 31
3497, 21
3498, 28
3499, 26
3500, 22
3501, 24
3502, 27
3503, 25
3504, 18
3505, 18
3506, 28
3507, 19
3508, 17
3509, 27
3510, 20
3511, 23
3512, 20
3513, 24
3514, 20
3515, 29
3516, 29
3517, 27
3518, 30
3519, 17
3520, 23
3521, 25
3522, 25
3523, 25
3524, 26
3525, 25
3526, 37
3527, 21
3528, 28
3529, 21
3530, 24
3531, 32
3532, 18
3533, 19
3534, 20
3535, 33
3536, 24
3537, 28
3538, 26
3539, 27
3540, 23
3541, 19
3542, 22
3543, 22
3544, 27
3545, 25
3546, 21
3547, 26
3548, 24
3549, 35
3550, 18
3551, 18
3552, 26
3553, 29
3554, 28
3555, 25
3556, 30
3557, 26
3558, 30
3559, 17
3560, 24
3561, 24
3562, 25
3563, 36
3564, 27
3565, 26
3566, 24
3567, 30
3568, 27
3569, 34
3570, 27
3571, 29
3572, 32
3573, 42
3574, 25
3575, 24
3576, 22
3577, 22
3578, 21
3579, 25
3580, 27
3581, 27
3582, 19
3583, 27
3584, 24
3585, 18
3586, 26
3587, 16
3588, 26
3589, 32
3590, 24
3591, 28
3592, 25
3593, 30
3594, 28
3595, 19
3596, 24
3597, 31
3598, 23
3599, 23
3600, 22
3601, 25
3602, 28
3603, 15
3604, 28
3605, 24
3606, 29
3607, 25
3608, 25
3609, 16
3610, 20
3611, 25
3612, 19
3613, 22
3614, 21
3615, 18
3616, 33
3617, 30
3618, 35
3619, 21
3620, 21
3621, 14
3622, 19
3623, 17
3624, 29
3625, 21
3626, 24
3627, 33
3628, 23
3629, 25
3630, 22
3631, 22
3632, 34
3633, 18
3634, 30
3635, 13
3636, 33
3637, 27
3638, 18
3639, 24
3640, 15
3641, 32
3642, 22
3643, 24
3644, 24
3645, 16
3646, 23
3647, 25
3648, 29
3649, 25
3650, 33
3651, 21
3652, 27
3653, 26
3654, 23
3655, 18
3656, 22
3657, 22
3658, 22
3659, 22
3660, 18
3661, 20
3662, 25
3663, 26
3664, 12
3665, 19
3666, 22
3667, 20
3668, 25
3669, 27
3670, 30
3671, 24
3672, 22
3673, 24
3674, 26
3675, 26
3676, 21
3677, 20
3678, 24
3679, 28
3680, 19
3681, 27
3682, 24
3683, 26
3684, 27
3685, 21
3686, 27
3687, 25
3688, 30
3689, 20
3690, 19
3691, 24
3692, 20
3693, 39
3694, 22
3695, 24
3696, 18
3697, 17
3698, 18
3699, 31
3700, 27
3701, 24
3702, 21
3703, 31
3704, 24
3705, 21
3706, 28
3707, 26
3708, 29
3709, 28
3710, 22
3711, 17
3712, 33
3713, 18
3714, 16
3715, 30
3716, 22
3717, 25
3718, 31
3719, 19
3720, 22
3721, 26
3722, 26
3723, 25
3724, 27
3725, 26
3726, 32
3727, 23
3728, 27
3729, 29
3730, 30
3731, 15
3732, 35
3733, 32
3734, 22
3735, 23
3736, 30
3737, 20
3738, 22
3739, 32
3740, 17
3741, 23
3742, 28
3743, 25
3744, 24
3745, 34
3746, 23
3747, 22
3748, 25
3749, 28
3750, 17
3751, 13
3752, 26
3753, 29
3754, 32
3755, 24
3756, 24
3757, 21
3758, 25
3759, 22
3760, 20
3761, 14
3762, 19
3763, 20
3764, 37
3765, 29
3766, 22
3767, 13
3768, 33
3769, 29
3770, 22
3771, 32
3772, 26
3773, 27
3774, 19
3775, 16
3776, 19
3777, 27
3778, 15
3779, 19
3780, 25
3781, 28
3782, 20
3783, 22
3784, 20
3785, 23
3786, 27
3787, 22
3788, 31
3789, 21
3790, 25
3791, 23
3792, 22
3793, 24
3794, 20
3795, 19
3796, 29
3797, 26
3798, 23
3799, 25
3800, 25
3801, 14
3802, 18
3803, 29
3804, 20
3805, 20
3806, 26
3807, 22
3808, 22
3809, 27
3810, 23
3811, 22
3812, 21
3813, 29
3814, 25
3815, 25
3816, 17
3817, 34
3818, 24
3819, 23
3820, 21
3821, 29
3822, 33
3823, 18
3824, 30
3825, 22
3826, 26
3827, 20
3828, 26
3829, 25
3830, 18
3831, 29
3832, 25
3833, 21
3834, 24
3835, 31
3836, 30
3837, 28
3838, 34
3839, 35
3840, 21
3841, 30
3842, 28
3843, 17
3844, 19
3845, 28
3846, 25
3847, 20
3848, 15
3849, 28
3850, 32
3851, 34
3852, 28
3853, 15
3854, 27
3855, 15
3856, 27
3857, 14
3858, 27
3859, 11
3860, 30
3861, 19
3862, 21
3863, 30
3864, 26
3865, 24
3866, 29
3867, 30
3868, 23
3869, 17
3870, 30
3871, 24
3872, 23
3873, 27
3874, 22
3875, 20
3876, 24
3877, 29
3878, 27
3879, 15
3880, 31
3881, 28
3882, 18
3883, 20
3884, 25
3885, 29
3886, 25
3887, 13
3888, 24
3889, 26
3890, 37
3891, 24
3892, 20
3893, 16
3894, 27
3895, 18
3896, 33
3897, 21
3898, 17
3899, 22
3900, 26
3901, 27
3902, 24
3903, 22
3904, 29
3905, 25
3906, 21
3907, 19
3908, 30
3909, 28
3910, 27
3911, 22
3912, 23
3913, 26
3914, 26
3915, 26
3916, 27
3917, 25
3918, 21
3919, 25
3920, 22
3921, 19
3922, 17
3923, 30
3924, 34
3925, 23
3926, 21
3927, 35
3928, 20
3929, 26
3930, 35
3931, 19
3932, 31
3933, 27
3934, 33
3935, 24
3936, 28
3937, 32
3938, 25
3939, 23
3940, 21
3941, 24
3942, 23
3943, 34
3944, 20
3945, 19
3946, 28
3947, 27
3948, 21
3949, 30
3950, 25
3951, 29
3952, 36
3953, 27
3954, 23
3955, 15
3956, 14
3957, 24
3958, 18
3959, 23
3960, 24
3961, 18
3962, 34
3963, 29
3964, 24
3965, 20
3966, 19
3967, 34
3968, 21
3969, 23
3970, 17
3971, 26
3972, 22
3973, 22
3974, 26
3975, 28
3976, 18
3977, 19
3978, 27
3979, 19
3980, 17
3981, 17
3982, 26
3983, 25
3984, 27
3985, 27
3986, 24
3987, 18
3988, 34
3989, 25
3990, 25
3991, 25
3992, 28
3993, 35
3994, 31
3995, 30
3996, 23
3997, 22
3998, 29
3999, 26
4000, 20
4001, 29
4002, 13
4003, 26
4004, 26
4005, 30
4006, 26
4007, 35
4008, 23
4009, 25
4010, 25
4011, 20
4012, 27
4013, 16
4014, 28
4015, 24
4016, 34
4017, 23
4018, 29
4019, 32
4020, 27
4021, 27
4022, 25
4023, 31
4024, 35
4025, 31
4026, 24
4027, 18
4028, 27
4029, 27
4030, 15
4031, 22
4032, 29
4033, 26
4034, 26
4035, 28
4036, 21
4037, 25
4038, 27
4039, 29
4040, 32
4041, 23
4042, 39
4043, 31
4044, 29
4045, 21
4046, 24
4047, 16
4048, 20
4049, 35
4050, 26
4051, 25
4052, 24
4053, 22
4054, 29
4055, 26
4056, 26
4057, 19
4058, 26
4059, 29
4060, 17
4061, 26
4062, 22
4063, 19
4064, 27
4065, 17
4066, 29
4067, 25
4068, 27
4069, 24
4070, 21
4071, 19
4072, 22
4073, 26
4074, 24
4075, 21
4076, 32
4077, 35
4078, 30
4079, 23
4080, 18
4081, 24
4082, 26
4083, 24
4084, 33
4085, 23
4086, 16
4087, 24
4088, 17
4089, 19
4090, 15
4091, 30
4092, 27
4093, 22
4094, 17
4095, 21